   1.2314111466799713     
   1.2314132833493372     
   1.2315486747069346     
   1.2334287862854973     
   1.2397357730913645     
   1.2508108076849294     
   1.2626180612530080     
   1.2684360216961381     
   1.2633805372713607     
   1.2484504107865275     
   1.2309285598426911     
   1.2204797782900623     
   1.2234918816968781     
   1.2393951656703970     
   1.2609838170716505     
   1.2783149816588502     
   1.2840512512416773     
   1.2781146117914517     
   1.2772866680604724     
   1.2646841265738193     
   1.2635368818701396     
   1.2518064815327135     
   1.2509733204668687     
   1.2457699463028691     
   1.2455293573138004     
   1.2468484899936469     
   1.2479623147467800     
   1.2482920712690020     
