   1.0232879039827495E-006
   1.0232879214357999E-006
   1.0232878984615829E-006
   1.0232877713545949E-006
   1.0232876320818262E-006
   1.0232875540322016E-006
   1.0232874810673137E-006
   1.0232874388697374E-006
   1.0232876232145821E-006
   1.0232880711696688E-006
   1.0232884161305891E-006
   1.0232882398102980E-006
   1.0232876554217267E-006
   1.0232872796903599E-006
   1.0232874710544138E-006
   1.0232878223099364E-006
   1.0232877443160706E-006
   1.0232873941529551E-006
   1.0232874824328863E-006
   1.0232881285988997E-006
   1.0232885455042532E-006
   1.0232881437419446E-006
   1.0232874082315660E-006
   1.0232872253825711E-006
   1.0232876766388432E-006
   1.0232880169536017E-006
   1.0232877680964433E-006
   1.0232873478818517E-006
   1.0232874204468665E-006
   1.0232879524564700E-006
   1.0232883076246691E-006
   1.0232881590310500E-006
   1.0232878298163259E-006
   1.0232876700799205E-006
   1.0232875887495131E-006
   1.0232874195025104E-006
   1.0232873292378527E-006
   1.0232875486626626E-006
   1.0232879571676298E-006
   1.0232882106111353E-006
   1.0232881484921175E-006
   1.0232879025129830E-006
   1.0232876860265289E-006
   1.0232875963725280E-006
   1.0232875985843106E-006
   1.0232876185539669E-006
   1.0232876131803755E-006
   1.0232875981163369E-006
   1.0232876691606145E-006
   1.0232879134235494E-006
   1.0232881902329033E-006
   1.0232881619168127E-006
   1.0232877628660673E-006
   1.0232874377194457E-006
   1.0232875697707402E-006
   1.0232878617912754E-006
   1.0232877461257766E-006
   1.0232873093180903E-006
   1.0232872680257551E-006
   1.0232879239873981E-006
   1.0232886130305810E-006
   1.0232885056943245E-006
   1.0232877057477285E-006
   1.0232871335398757E-006
   1.0232873208707295E-006
   1.0232877808939229E-006
   1.0232878235227731E-006
   1.0232875617915920E-006
   1.0232876023303241E-006
   1.0232880104757709E-006
   1.0232882278345942E-006
   1.0232879773697808E-006
   1.0232876469685113E-006
   1.0232876357321640E-006
   1.0232877845849406E-006
   1.0232877108002771E-006
   1.0232874348585337E-006
   1.0232873622948582E-006
   1.0232876889563904E-006
   1.0232881028017551E-006
   1.0232882023077993E-006
   1.0232881709765039E-006
