0.0
0.1953125
0.390625
0.5859375
0.78125
0.9765625
1.171875
1.3671875
1.5625
1.7578125
1.953125
2.1484375
2.34375
2.5390625
2.734375
2.9296875
3.125
3.3203125
3.515625
3.7109375
3.90625
4.1015625
4.296875
4.4921875
4.6875
4.8828125
5.078125
5.2734375
5.46875
5.6640625
5.859375
6.0546875
6.25
6.4453125
6.640625
6.8359375
7.03125
7.2265625
7.421875
7.6171875
7.8125
8.0078125
8.203125
8.3984375
8.59375
8.7890625
8.984375
9.1796875
9.375
9.5703125
9.765625
9.9609375
10.15625
10.3515625
10.546875
10.7421875
10.9375
11.1328125
11.328125
11.5234375
11.71875
11.9140625
12.109375
12.3046875
12.5
12.6953125
12.890625
13.0859375
13.28125
13.4765625
13.671875
13.8671875
14.0625
14.2578125
14.453125
14.6484375
14.84375
15.0390625
15.234375
15.4296875
15.625
15.8203125
16.015625
16.2109375
16.40625
16.6015625
16.796875
16.9921875
17.1875
17.3828125
17.578125
17.7734375
17.96875
18.1640625
18.359375
18.5546875
18.75
18.9453125
19.140625
19.3359375
19.53125
19.7265625
19.921875
20.1171875
20.3125
20.5078125
20.703125
20.8984375
21.09375
21.2890625
21.484375
21.6796875
21.875
22.0703125
22.265625
22.4609375
22.65625
22.8515625
23.046875
23.2421875
23.4375
23.6328125
23.828125
24.0234375
24.21875
24.4140625
24.609375
24.8046875
25.0
25.1953125
25.390625
25.5859375
25.78125
25.9765625
26.171875
26.3671875
26.5625
26.7578125
26.953125
27.1484375
27.34375
27.5390625
27.734375
27.9296875
28.125
28.3203125
28.515625
28.7109375
28.90625
29.1015625
29.296875
29.4921875
29.6875
29.8828125
30.078125
30.2734375
30.46875
30.6640625
30.859375
31.0546875
31.25
31.4453125
31.640625
31.8359375
32.03125
32.2265625
32.421875
32.6171875
32.8125
33.0078125
33.203125
33.3984375
33.59375
33.7890625
33.984375
34.1796875
34.375
34.5703125
34.765625
34.9609375
35.15625
35.3515625
35.546875
35.7421875
35.9375
36.1328125
36.328125
36.5234375
36.71875
36.9140625
37.109375
37.3046875
37.5
37.6953125
37.890625
38.0859375
38.28125
38.4765625
38.671875
38.8671875
39.0625
39.2578125
39.453125
39.6484375
39.84375
40.0390625
40.234375
40.4296875
40.625
40.8203125
41.015625
41.2109375
41.40625
41.6015625
41.796875
41.9921875
42.1875
42.3828125
42.578125
42.7734375
42.96875
43.1640625
43.359375
43.5546875
43.75
43.9453125
44.140625
44.3359375
44.53125
44.7265625
44.921875
45.1171875
45.3125
45.5078125
45.703125
45.8984375
46.09375
46.2890625
46.484375
46.6796875
46.875
47.0703125
47.265625
47.4609375
47.65625
47.8515625
48.046875
48.2421875
48.4375
48.6328125
48.828125
49.0234375
49.21875
49.4140625
49.609375
49.8046875
50.0
50.1953125
50.390625
50.5859375
50.78125
50.9765625
51.171875
51.3671875
51.5625
51.7578125
51.953125
52.1484375
52.34375
52.5390625
52.734375
52.9296875
53.125
53.3203125
53.515625
53.7109375
53.90625
54.1015625
54.296875
54.4921875
54.6875
54.8828125
55.078125
55.2734375
55.46875
55.6640625
55.859375
56.0546875
56.25
56.4453125
56.640625
56.8359375
57.03125
57.2265625
57.421875
57.6171875
57.8125
58.0078125
58.203125
58.3984375
58.59375
58.7890625
58.984375
59.1796875
59.375
59.5703125
59.765625
59.9609375
60.15625
60.3515625
60.546875
60.7421875
60.9375
61.1328125
61.328125
61.5234375
61.71875
61.9140625
62.109375
62.3046875
62.5
62.6953125
62.890625
63.0859375
63.28125
63.4765625
63.671875
63.8671875
64.0625
64.2578125
64.453125
64.6484375
64.84375
65.0390625
65.234375
65.4296875
65.625
65.8203125
66.015625
66.2109375
66.40625
66.6015625
66.796875
66.9921875
67.1875
67.3828125
67.578125
67.7734375
67.96875
68.1640625
68.359375
68.5546875
68.75
68.9453125
69.140625
69.3359375
69.53125
69.7265625
69.921875
70.1171875
70.3125
70.5078125
70.703125
70.8984375
71.09375
71.2890625
71.484375
71.6796875
71.875
72.0703125
72.265625
72.4609375
72.65625
72.8515625
73.046875
73.2421875
73.4375
73.6328125
73.828125
74.0234375
74.21875
74.4140625
74.609375
74.8046875
75.0
75.1953125
75.390625
75.5859375
75.78125
75.9765625
76.171875
76.3671875
76.5625
76.7578125
76.953125
77.1484375
77.34375
77.5390625
77.734375
77.9296875
78.125
78.3203125
78.515625
78.7109375
78.90625
79.1015625
79.296875
79.4921875
79.6875
79.8828125
80.078125
80.2734375
80.46875
80.6640625
80.859375
81.0546875
81.25
81.4453125
81.640625
81.8359375
82.03125
82.2265625
82.421875
82.6171875
82.8125
83.0078125
83.203125
83.3984375
83.59375
83.7890625
83.984375
84.1796875
84.375
84.5703125
84.765625
84.9609375
85.15625
85.3515625
85.546875
85.7421875
85.9375
86.1328125
86.328125
86.5234375
86.71875
86.9140625
87.109375
87.3046875
87.5
87.6953125
87.890625
88.0859375
88.28125
88.4765625
88.671875
88.8671875
89.0625
89.2578125
89.453125
89.6484375
89.84375
90.0390625
90.234375
90.4296875
90.625
90.8203125
91.015625
91.2109375
91.40625
91.6015625
91.796875
91.9921875
92.1875
92.3828125
92.578125
92.7734375
92.96875
93.1640625
93.359375
93.5546875
93.75
93.9453125
94.140625
94.3359375
94.53125
94.7265625
94.921875
95.1171875
95.3125
95.5078125
95.703125
95.8984375
96.09375
96.2890625
96.484375
96.6796875
96.875
97.0703125
97.265625
97.4609375
97.65625
97.8515625
98.046875
98.2421875
98.4375
98.6328125
98.828125
99.0234375
99.21875
99.4140625
99.609375
99.8046875
